image_width: 672
image_height: 376
camera_name: zed/left
camera_matrix:
  rows: 3
  cols: 3
  data: [350.002014, 0.000000, 356.526001, 0.000000, 350.002014, 190.647003, 0.000000, 0.000000, 1.000000]
distortion_model: plumb_bob
distortion_coefficients:
  rows: 1
  cols: 5
  data: [-0.170816, 0.026600, 0.000000, 0.000000, 0.000000]
rectification_matrix:
  rows: 3
  cols: 3
  data: [1, 0, 0, 0, 1, 0, 0, 0, 1]
projection_matrix:
  rows: 3
  cols: 4
  data: [350.002014, 0.00000000, 356.526001, 0.00000000, 0.00000000, 350.002014, 190.647003, 0.00000000, 0.00000000, 0.00000000, 1.00000000, 0.00000000]