image_width: 672
image_height: 376
camera_name: zed/right
camera_matrix:
  rows: 3
  cols: 3
  data: [349.360992, 0.000000, 350.035004, 0.000000, 349.360992, 196.580994, 0.000000, 0.000000, 1.000000]
distortion_model: plumb_bob
distortion_coefficients:
  rows: 1
  cols: 5
  data: [-0.170664, 0.026585, 0.000000, 0.000000, 0.000000]
rectification_matrix:
  rows: 3
  cols: 3
  data: [0.999852, 0.000577, 0.017222, -0.000575, 1.000000, -0.000086, -0.017222, 0.000076, 0.999852]
projection_matrix:
  rows: 3
  cols: 4
  data: [349.360992, 0.00000000, 350.035004, -41.982044, 0.00000000, 349.360992, 196.580994, 0.00000000, 0.00000000, 0.00000000, 1.00000000, 0.00000000]
