[LEFT_CAM_2K]
cx=1192.47
cy=643.667
fx=1400.03
fy=1400.03
k1=-0.174293
k2=0.027703

[LEFT_CAM_FHD]
cx=1048.47
cy=562.667
fx=1400.03
fy=1400.03
k1=-0.174293
k2=0.027703

[LEFT_CAM_HD]
cx=682.737
cy=369.834
fx=700.013
fy=700.013
k1=-0.174293
k2=0.027703

[LEFT_CAM_VGA]
cx=356.369
cy=191.917
fx=350.007
fy=350.007
k1=-0.174293
k2=0.027703

[RIGHT_CAM_2K]
cx=1149.68
cy=659.519
fx=1399.02
fy=1399.02
k1=-0.175955
k2=0.0282821

[RIGHT_CAM_FHD]
cx=1005.68
cy=578.519
fx=1399.02
fy=1399.02
k1=-0.175955
k2=0.0282821

[RIGHT_CAM_HD]
cx=661.342
cy=377.76
fx=699.509
fy=699.509
k1=-0.175955
k2=0.0282821

[RIGHT_CAM_VGA]
cx=345.671
cy=195.88
fx=349.755
fy=349.755
k1=-0.175955
k2=0.0282821

[STEREO]
BaseLine=119.914
CV_2K=0.0252975
CV_FHD=0.0252975
CV_HD=0.0252975
CV_VGA=0.0252975
RX_2K=-0.00578921
RX_FHD=-0.00578921
RX_HD=-0.00578921
RX_VGA=-0.00578921
RZ_2K=-0.000884124
RZ_FHD=-0.000884124
RZ_HD=-0.000884124
RZ_VGA=-0.000884124
